['V= [3.25 3.25 3.25 3.25] V0= [0. 0. 0. 0.]']
['V= [8.19999999 8.09999999 7.89999999 7.89999999] V0= [4.15       4.08333333 3.95       3.95      ]']
['V= [16.87499969 16.67499999 16.27499999 16.27499999] V0= [12.12499973 11.95833332 11.62499999 11.62499999]']
['V= [27.649991   27.34999965 26.74999999 26.74999998] V0= [22.19999869 21.93333256 21.39999999 21.39999999]']
['V= [53.87057498 53.47058481 52.6705882  52.19999991] V0= [47.97057806 47.5941153  46.84117667 46.39999991]']
['V= [98.95160614 98.45159241 97.45161266 96.        ] V0= [92.85483813 92.37095011 91.40322558 90.        ]']
['V= [143.74316384 142.49999731 141.94318157 139.5       ] V0= [137.44545345 136.23181538 135.6863634  133.3       ]']
['V= [187.93748191 185.9        185.83749983 182.4       ] V0= [181.43749155 179.4375     179.37499983 176.        ]']
['V= [241.13568402 238.3        238.73571411 234.3       ] V0= [234.43714113 231.64285714 232.0714284  227.7       ]']
['V= [293.73372195 290.1        291.03373477 285.6       ] V0= [286.83492692 283.24578309 284.16746971 278.8       ]']
['V= [345.4315469  341.         342.43157878 336.        ] V0= [338.33155506 333.94736842 335.36315773 329.        ]']
['V= [406.73117891 401.5        403.43119249 396.        ] V0= [399.43210726 394.24954129 396.16238516 388.8       ]']
['V= [463.30082644 457.4        459.8297519  451.4       ] V0= [455.80165287 449.95041322 452.35950397 444.        ]']
['V= [514.50076329 508.1        511.02748075 501.6       ] V0= [506.80152659 500.45038168 503.35496167 494.        ]']
['V= [567.7007085  560.79999996 564.22553175 553.8       ] V0= [559.80141843 552.95035457 556.35106367 546.        ]']
['V= [618.9        611.5        615.42333317 604.        ] V0= [610.80000001 603.45       607.34666651 596.        ]']
['V= [675.99999999 668.1        672.52187484 660.1       ] V0= [667.7        659.85       664.24374984 651.9       ]']
['V= [730.84970414 722.5        727.42011819 714.        ] V0= [722.34970414 714.04970414 718.94023653 705.6       ]']
['V= [782.94915254 774.4        779.81807894 765.4       ] V0= [774.24971751 765.74915254 771.13615804 756.8       ]']
['V= [827.84808743 819.1        825.0153004  809.6       ] V0= [818.94808743 810.24808743 816.13060094 800.8       ]']
['V= [878.44736842 869.5        875.91315775 859.5       ] V0= [869.34736842 860.44736842 866.82631564 850.5       ]']
['V= [930.44670051 921.3        928.21116736 910.8       ] V0= [921.14670051 912.04670051 918.92233488 901.6       ]']
['V= [983.84607843 974.5        981.90931358 963.5       ] V0= [974.34607843 965.04607843 972.41862731 954.1       ]']
['V= [1038.64549763 1029.1        1037.00758279 1017.6       ] V0= [1028.94549763 1019.44549763 1027.31516573 1008.        ]']
['V= [1094.84495287 1085.1        1093.50596316 1073.1       ] V0= [1084.94495413 1075.24495413 1083.61192646 1063.3       ]']
['V= [1152.44443955 1142.49999941 1151.4044443  1130.        ] V0= [1142.34444385 1132.44444386 1141.30888875 1120.        ]']
