['V= [3.32 3.25 3.25 3.25] V0= [0. 0. 0. 0.]']
['V= [3.95556    3.79399999 3.59399999 3.59399999] V0= [4.306      4.14999999 3.95       3.94999999]']
['V= [4.66041999 4.40799999 4.00799999 4.00799999] V0= [5.292      5.04999973 4.65       4.64999999]']
['V= [5.36527989 5.02199875 4.42199999 4.42199999] V0= [6.278      5.94999013 5.34999999 5.34999999]']
['V= [5.86397602 5.42585833 4.62585956 4.18835909] V0= [5.94763888 5.51099537 4.71099908 4.33599797]']
['V= [6.09568951 5.55719671 4.55719892 3.15094909] V0= [6.19395103 5.65739893 4.65739997 3.34490012]']
['V= [6.27812661 5.02190447 4.44378312 2.02190832] V0= [6.3564058  5.17831233 4.5220639  2.17831412]']
['V= [6.46250001 4.39671726 4.33421709 0.89671726] V0= [6.52500182 4.52171908 4.39671892 1.02171908]']
['V= [ 6.69375007  3.86527795  4.27152776 -0.13472205] V0= [6.78750666 4.05278461 4.36528441 0.05278461]']
['V= [ 6.87812499  3.24008845  4.16196328 -1.25991155] V0= [ 6.95624976  3.39633822  4.24008806 -1.10366178]']
['V= [ 7.06249999  2.61489905  4.05239888 -2.38510095] V0= [ 7.12499973  2.73989878  4.11489862 -2.26010122]']
['V= [ 7.29375     2.08345969  3.98970951 -3.41654031] V0= [ 7.38749927  2.27095896  4.08345876 -3.22904104]']
['V= [ 7.47496533  1.54809379  3.96996862 -4.45190621] V0= [ 7.54980169  1.69789548  4.04164532 -4.30210452]']
['V= [ 7.65093551  1.19448138  4.13198123 -5.30551862] V0= [ 7.70139899  1.29588038  4.17088024 -5.20411962]']
['V= [ 7.87332617  0.93372781  4.33997762 -6.06627219] V0= [ 7.94581872  1.07954653  4.39204633 -5.92045347]']
['V= [ 8.04929641  0.58011551  4.50199034 -6.91988449] V0= [ 8.09741613  0.67753164  4.52128148 -6.82246836]']
['V= [ 8.2366828   0.24888785  4.68638768 -7.75111215] V0= [ 8.27231183  0.32119968  4.69619952 -7.67880032]']
['V= [ 8.4026623  -0.01460878  4.89164106 -8.51460878] V0= [ 8.47873038  0.06412159  4.87662146 -8.43587841]']
['V= [ 8.60159451 -0.02812423  5.3937506  -9.02812423] V0= [ 8.60320113 -0.0249231   5.31882674 -9.0249231 ]']
['V= [ 8.80127551 -0.04088332  5.89661651 -9.54088332] V0= [ 8.80255102 -0.0383323   5.83666754 -9.5383323 ]']
['V= [  9.00191326  -0.05172902   6.35452082 -10.05172902] V0= [  9.00382652  -0.0479025    6.26459736 -10.0479025 ]']
['V= [  9.20159439  -0.06448799   6.85738687 -10.56448799] V0= [  9.20318877  -0.06129923   6.78245068 -10.56129923]']
['V= [  9.40127551  -0.07724696   7.36025287 -11.07724696] V0= [  9.40255101  -0.07469594   7.3003039  -11.07469594]']
['V= [  9.60191327  -0.08809266   7.81815715 -11.58809266] V0= [  9.60382652  -0.08426614   7.72823366 -11.58426614]']
['V= [  9.80159439  -0.10085163   8.32102322 -12.10085163] V0= [  9.80318877  -0.09766286   8.24608702 -12.09766286]']
['V= [ 10.00127551  -0.1136106    8.82388926 -12.6136106 ] V0= [ 10.00255102  -0.11105958   8.7639403  -12.61105958]']
