['V= [3.32       2.54999999 2.54999999 2.54999999] V0= [3.95 3.25 3.25 3.25]']
['V= [3.9606     3.18399999 2.98399999 2.98399999] V0= [4.05599999 3.28999999 3.08999999 3.08999999]']
['V= [4.66420002 3.88800002 3.48800002 3.48800002] V0= [4.79199997 4.02999999 3.63       3.62999999]']
['V= [5.36780088 4.59200097 3.99200097 3.99200098] V0= [5.52799901 4.76999999 4.16999999 4.16999999]']
['V= [5.89890183 5.08350091 4.28350225 3.84600139] V0= [6.16399618 5.38499567 4.58499909 4.20999797]']
['V= [6.0589599  5.12627201 4.12627519 2.67315041] V0= [6.12084987 5.20024634 4.20025011 2.79400028]']
['V= [6.27975255 4.68027895 4.10215567 1.68028087] V0= [6.37252046 4.85279989 4.19655111 1.85280133]']
['V= [6.46268189 4.11409085 4.05159089 0.61409106] V0= [6.52681903 4.2409101  4.11590994 0.7409101 ]']
['V= [ 6.69395562  3.64328407  4.04953392 -0.35671589] V0= [ 6.78955611  3.83284022  4.14534002 -0.16715978]']
['V= [ 6.87811236  3.07845824  4.00033308 -1.42154176] V0= [ 6.95612377  3.23458201  4.07833187 -1.26541799]']
['V= [ 7.06247291  2.51385886  3.95135869 -2.48614114] V0= [ 7.12472918  2.63858804  4.01358788 -2.36141196]']
['V= [ 7.29367461  2.04297188  3.94922169 -3.45702812] V0= [ 7.38674602  2.2297179   4.0422177  -3.2702821 ]']
['V= [ 7.47484604  1.53411843  3.95599326 -4.46588157] V0= [ 7.54805262  1.68217105  4.02592089 -4.31782895]']
['V= [ 7.65681546  1.14885912  4.08635896 -5.35114088] V0= [ 7.71078866  1.25964778  4.13464764 -5.24035222]']
['V= [ 7.88273256  0.85247096  4.25872077 -6.14752904] V0= [ 7.95995639  1.01242735  4.32492715 -5.98757265]']
['V= [ 8.0552675   0.46765836  4.38953319 -7.03234164] V0= [ 8.1233625   0.59102086  4.4347707  -6.90897914]']
['V= [ 8.22178676  0.09365198  4.53115181 -7.90634802] V0= [ 8.29286765  0.18651962  4.56151946 -7.81348038]']
['V= [ 8.42701669 -0.16025922  4.74599062 -8.66025922] V0= [ 8.48266694 -0.07759228  4.73490758 -8.57759228]']
['V= [ 8.61961666 -0.30528702  5.11658781 -9.30528702] V0= [ 8.63991667 -0.26537035  5.07837949 -9.26537035]']
['V= [ 8.81562136 -0.4465318   5.49096803 -9.9465318 ] V0= [ 8.83121366 -0.41531814  5.4596817  -9.91531814]']
['V= [  9.02342166  -0.5642537    5.84199616 -10.5642537 ] V0= [  9.04671667  -0.51753704   5.79496287 -10.51753704]']
['V= [  9.21951746  -0.70539726   6.2164776  -11.20539726] V0= [  9.23892467  -0.66647259   6.17727731 -11.16647259]']
['V= [  9.41561677  -0.8465369    6.59096293 -11.8465369 ] V0= [  9.43116776  -0.81536914   6.5596307  -11.81536914]']
['V= [  9.62341681  -0.96425908   6.94199073 -12.46425908] V0= [  9.64666807  -0.91759101   6.89490879 -12.41759101]']
['V= [  9.81951668  -1.10539811   7.31647672 -13.10539811] V0= [  9.83891683  -1.06648128   7.27726856 -13.06648128]']
['V= [ 10.01561667  -1.24653702   7.69096285 -13.74653702] V0= [ 10.03116668  -1.21537034   7.65962959 -13.71537034]']
