['V= [3.25 3.25 3.25 3.25] V0= [0. 0. 0. 0.]']
['V= [4.1 4.  3.8 3.8] V0= [4.24999999 4.14999999 3.95       3.94999999]']
['V= [4.94999955 4.75000025 4.35000034 4.35000034] V0= [5.24999931 5.04999973 4.65       4.64999999]']
['V= [5.79999964 5.49999976 4.90000043 4.90000043] V0= [6.24999913 5.94999013 5.34999999 5.34999999]']
['V= [6.01227529 5.61227573 4.8122765  4.37452966] V0= [6.04227715 5.64230014 4.84230094 4.41317129]']
['V= [6.23075527 5.73075357 4.73075611 3.34612681] V0= [6.24997291 5.74997276 4.74997398 3.37494362]']
['V= [6.45294001 5.29999418 4.65294105 2.29999892] V0= [6.46874755 5.32499144 4.66874862 2.3249964 ]']
['V= [6.6800111  4.75501245 4.58001249 1.25501252] V0= [6.69473213 4.77895583 4.59474544 1.27895583]']
['V= [6.9136475  4.21819488 4.51364925 0.21819488] V0= [6.92855962 4.24285901 4.52857313 0.24285902]']
['V= [ 7.14168265  3.67085156  4.44168466 -0.82914844] V0= [ 7.156528    3.69567745  4.45654672 -0.80432255]']
['V= [ 7.35184396  3.09259523  4.35185428 -1.90740477] V0= [ 7.3653843   3.11538704  4.3653868  -1.88461296]']
['V= [ 7.5724128   2.5310365   4.27241561 -2.9689635 ] V0= [ 7.58749811  2.55535734  4.28749997 -2.94464266]']
['V= [ 7.73333333  2.06666668  4.33055539 -3.93333332] V0= [ 7.74285714  2.0857143   4.34285698 -3.9142857 ]']
['V= [ 7.95135135  1.80270272  4.54594578 -4.69729728] V0= [ 7.96111111  1.82222223  4.55833317 -4.67777776]']
['V= [ 8.16842106  1.53684212  4.76052616 -5.46315788] V0= [ 8.17837838  1.55675678  4.77297282 -5.44324322]']
['V= [ 8.375       1.24999985  4.96249985 -6.24999999] V0= [ 8.38461539  1.26923062  4.97435885 -6.23076922]']
['V= [ 8.5902439   0.98048781  5.17560959 -7.01951218] V0= [ 8.6         1.00000001  5.18749983 -6.99999999]']
['V= [ 8.80476191  0.70952383  5.38809509 -7.79047617] V0= [ 8.81463414  0.72926825  5.39999984 -7.77073169]']
['V= [ 9.05128209  0.68205137  5.81025662 -8.3179483 ] V0= [ 9.06315796  0.70000012  5.8184213  -8.2999995 ]']
['V= [ 9.2575      0.69500001  6.30749986 -8.80499991] V0= [ 9.26923077  0.71282051  6.31538442 -8.7871794 ]']
['V= [ 9.45238096  0.6904762   6.79761899 -9.30952372] V0= [ 9.46341463  0.70731709  6.80487803 -9.29268283]']
['V= [ 9.65813953  0.70232558  7.29534883 -9.7976742 ] V0= [ 9.6690474   0.71904741  7.30238068 -9.78095238]']
['V= [  9.86363636   0.71363637   7.79318158 -10.28636363] V0= [  9.87441861   0.73023256   7.7999997  -10.26976743]']
['V= [ 10.06888889   0.7244445    8.29111092 -10.77555549] V0= [ 10.0795454    0.74090905   8.29772694 -10.7590909 ]']
['V= [ 10.27391305   0.73478261   8.78913038 -11.26521716] V0= [ 10.28444422   0.75111089   8.79555517 -11.24888887]']
['V= [ 10.4787234    0.74468062   9.28723373 -11.75531914] V0= [ 10.48913044   0.76086958   9.2934778  -11.73913042]']
